2008000F
20090001
00096100
8C0A0900
00000000
00000000
00000000
00000000
01485824
00000000
00000000
00000000
00000000
00000000
AC0B0800
00000000
00000000
00000000
AC090804
00000000
00000000
00000000
8C0D0808
00000000
00000000
00000000
00000000
100DFFFA
00000000
00000000
00000000
00000000
00000000
000D6842
01A96824
014C5824
016D5825
8C0D080C
00000000
00000000
00000000
00000000
AC0B0908
00000000
00000000
00000000
AC0D090C
00000000
00000000
00000000
08000003
00000000
00000000
00000000
00000000
00000000
00000000